RT:
  rows: 4
  cols: 4
  dt: d
  data: [-0.315787, 0.948024, 0.039108, 0.029021, -0.000133, 0.041173, -0.999152, -0.217109, -0.948830, -0.315525, -0.012876, -0.109004, 0.000000, 0.000000, 0.000000, 1.000000]
INTRINS:
  rows: 3
  cols: 4
  dt: d
  data: [2828.414373, 0.000000, 947.888654, 0.000000, 0.000000, 2832.853921, 567.718513, 0.000000, 0.000000, 0.000000, 1.000000, 0.000000]
