RT:
  rows: 4
  cols: 4
  dt: d
  data: [0.999444, 0.024111, 0.023036, -0.710090, 0.023704, -0.027792, -0.999333, 2.084075, -0.023455, 0.999323, -0.028348, -0.871942, 0.000000, 0.000000, 0.000000, 1.000000]
INTRINS:
  rows: 3
  cols: 4
  dt: d
  data: [1373.590096, 0.000000, 674.762654, 0.000000, 0.000000, 1363.994942, 467.003718, 0.000000, 0.000000, 0.000000, 1.000000, 0.000000]
