image_width: 1920
image_height: 1200
camera_name: ue09_pylon01
camera_matrix:
  rows: 3
  cols: 3
  dt: d
  data: [2828.414373, 0.000000, 947.888654, 0.000000, 2832.853921, 567.718513, 0.000000, 0.000000, 1.000000]
distortion_model: plumb_bob
distortion_coefficients:
  rows: 1
  cols: 5
  dt: d
  data: [0.018851, -1.583255, 0.000015, 0.001396, 12.879353]
rectification_matrix:
  rows: 3
  cols: 3
  dt: d
  data: [1.000000, 0.000000, 0.000000, 0.000000, 1.000000, 0.000000, 0.000000, 0.000000, 1.000000]
projection_matrix:
  rows: 3
  cols: 4
  dt: d
  data: [3337.938477, 0.000000, 919.296551, 0.000000, 0.000000, 3252.653320, 645.642402, 0.000000, 0.000000, 0.000000, 1.000000, 0.000000]
